PayPeriod,HistoricalIncoming,RemainedOpen,Incoming,Outgoing
2013-09,2777,12449,3007,1718
2013-10,2130,11307,2644,2799
2013-11,1711,13574,1882,4280
2013-12,1542,4723,1673,3362
2013-13,1178,3834,1498,2402
2013-14,1251,3621,1158,2302
2013-15,1347,3436,1517,2097
2013-16,2082,3742,1983,2567
2013-17,2432,3934,2528,2182
2013-18,1979,4716,2256,1782
2013-19,2089,4682,2502,2344
2013-20,2413,4464,2811,2038
2013-21,1867,5046,2389,2088
2013-22,1953,4594,2602,2513
2013-23,1845,4642,2414,2659
2013-24,1661,5046,1883,2814
2013-25,1931,3875,2152,2979
2013-26,526,4703,828,1735
2014-01,2156,3021,2338,2757
2014-02,2056,3382,1967,1993
2014-03,2589,3290,2745,1484
2014-04,2748,4691,3362,1594
2014-05,3775,6250,3889,1905
2014-06,3831,7896,3512,2034
2014-07,3649,9443,3182,2120
2014-08,3389,10070,3476,2021
2014-09,3007,13302,1353,421
